name,cat1,cat2,cat3
1,16,14,70
2,39,11,50
3,47,18,35
4,55,32,13
5,46,43,11
6,11,48,41
7,24,44,32
8,51,34,15
9,19,18,63
10,14,38,48
11,52,18,30
12,12,31,57
13,20,53,27
14,27,26,47
15,29,34,37
16,51,15,34
17,11,35,54
18,50,47,3
19,31,58,11
20+,23,19,58